4.300000000000000000e+01 3.200000000000000000e+01
1.210000000000000000e+03 1.100000000000000000e+01
1.747000000000000000e+03 2.100000000000000000e+01
1.846000000000000000e+03 1.200000000000000000e+01
4.860000000000000000e+02 3.400000000000000000e+01
7.340000000000000000e+02 4.500000000000000000e+01
3.630000000000000000e+02 6.500000000000000000e+01
1.890000000000000000e+02 9.100000000000000000e+01
1.715000000000000000e+03 6.800000000000000000e+01
8.070000000000000000e+02 7.400000000000000000e+01
1.023000000000000000e+03 6.900000000000000000e+01
1.524000000000000000e+03 1.500000000000000000e+02
6.380000000000000000e+02 8.700000000000000000e+01
1.677000000000000000e+03 9.300000000000000000e+01
2.280000000000000000e+02 9.300000000000000000e+01
3.820000000000000000e+02 1.100000000000000000e+02
7.260000000000000000e+02 1.010000000000000000e+02
1.350000000000000000e+03 2.080000000000000000e+02
1.041000000000000000e+03 1.950000000000000000e+02
2.540000000000000000e+02 2.260000000000000000e+02
6.380000000000000000e+02 2.040000000000000000e+02
1.117000000000000000e+03 2.090000000000000000e+02
4.440000000000000000e+02 2.220000000000000000e+02
5.050000000000000000e+02 2.420000000000000000e+02
7.800000000000000000e+02 2.530000000000000000e+02
1.770000000000000000e+03 2.900000000000000000e+02
8.900000000000000000e+01 3.150000000000000000e+02
3.710000000000000000e+02 3.250000000000000000e+02
4.670000000000000000e+02 3.240000000000000000e+02
6.750000000000000000e+02 3.330000000000000000e+02
1.645000000000000000e+03 3.550000000000000000e+02
1.471000000000000000e+03 3.530000000000000000e+02
1.460000000000000000e+02 3.580000000000000000e+02
1.551000000000000000e+03 3.540000000000000000e+02
7.950000000000000000e+02 3.720000000000000000e+02
3.010000000000000000e+02 3.860000000000000000e+02
5.460000000000000000e+02 4.100000000000000000e+02
1.730000000000000000e+03 3.720000000000000000e+02
1.034000000000000000e+03 3.920000000000000000e+02
1.517000000000000000e+03 4.070000000000000000e+02
1.441000000000000000e+03 4.100000000000000000e+02
1.368000000000000000e+03 4.220000000000000000e+02
3.250000000000000000e+02 4.370000000000000000e+02
1.229000000000000000e+03 4.640000000000000000e+02
4.300000000000000000e+01 5.060000000000000000e+02
1.773000000000000000e+03 4.960000000000000000e+02
1.629000000000000000e+03 5.110000000000000000e+02
9.700000000000000000e+01 5.090000000000000000e+02
5.210000000000000000e+02 5.330000000000000000e+02
4.260000000000000000e+02 5.170000000000000000e+02
1.674000000000000000e+03 5.500000000000000000e+02
1.186000000000000000e+03 6.450000000000000000e+02
3.120000000000000000e+02 6.590000000000000000e+02
1.122000000000000000e+03 6.720000000000000000e+02
1.300000000000000000e+03 7.020000000000000000e+02
1.005000000000000000e+03 7.490000000000000000e+02
1.390000000000000000e+02 7.670000000000000000e+02
1.880000000000000000e+03 7.750000000000000000e+02
1.447000000000000000e+03 8.080000000000000000e+02
2.840000000000000000e+02 8.100000000000000000e+02
6.990000000000000000e+02 8.520000000000000000e+02
1.758000000000000000e+03 8.400000000000000000e+02
1.570000000000000000e+03 8.340000000000000000e+02
1.200000000000000000e+02 8.470000000000000000e+02
5.370000000000000000e+02 8.830000000000000000e+02
4.870000000000000000e+02 9.200000000000000000e+02
1.473000000000000000e+03 9.280000000000000000e+02
1.990000000000000000e+02 9.290000000000000000e+02
1.633000000000000000e+03 9.440000000000000000e+02
1.315000000000000000e+03 9.660000000000000000e+02
1.540000000000000000e+02 9.560000000000000000e+02
9.900000000000000000e+02 9.810000000000000000e+02
3.300000000000000000e+01 9.870000000000000000e+02
1.767000000000000000e+03 9.990000000000000000e+02
9.300000000000000000e+01 1.008000000000000000e+03
3.140000000000000000e+02 1.008000000000000000e+03
4.380000000000000000e+02 1.033000000000000000e+03
2.800000000000000000e+02 1.041000000000000000e+03
1.400000000000000000e+01 1.070000000000000000e+03
1.712000000000000000e+03 1.078000000000000000e+03
1.424000000000000000e+03 1.074000000000000000e+03
9.440000000000000000e+02 1.148000000000000000e+03
1.527000000000000000e+03 1.133000000000000000e+03
1.318000000000000000e+03 1.237000000000000000e+03
1.901000000000000000e+03 1.282000000000000000e+03
3.250000000000000000e+02 1.290000000000000000e+03
1.592000000000000000e+03 1.307000000000000000e+03
6.140000000000000000e+02 1.309000000000000000e+03
1.241000000000000000e+03 1.345000000000000000e+03
4.830000000000000000e+02 1.335000000000000000e+03
1.349000000000000000e+03 1.358000000000000000e+03
2.960000000000000000e+02 1.372000000000000000e+03
2.600000000000000000e+01 1.385000000000000000e+03
1.648000000000000000e+03 1.414000000000000000e+03
